story.1996 <-
structure(c(0.33, 0.3, 0.36, 0.34, 0.68, 0.5, 2.43, 3.15, 2.66, 
2.49, 3.39, 3.8, 3.78, 4.35, 4.5, 4.43, 4.68, 4.52, 4.15, 4.09, 
3.51, 2.95, 2.03, 1.66, 1.38, 1.05, 0.6, 0.35, 0.32, 0.12, 0.1, 
0.16, 0.25, 0.24, 0.38, 0.28, 0.36, 0.65, 1.58, 2.05, 2.01, 1.58, 
0, 0, 0, 0, 0.2, 0.17, 0.18, 0.18, 0.1, 1.08, 1.66, 1.64, 1.19, 
0.92, 1.13, 2.48, 2.76, 2.97, 3.43, 3.32, 3.48, 3.96, 3.79, 3.88, 
3.47, 2.98, 2.62, 2.37, 1.99, 1.9, 1.7, 1.44, 1.45, 1.06, 0.87, 
0.75, 1.06, 1.29, 1.78, 1.83, 1.7, 1.97, 1.92, 1.62, 1.36, 1.18, 
0, 0, 0, 0, 0.21, 0.13, 0.16, 0.14, 0.06, 0.78, 1.25, 1.24, 0.99, 
0.72, 0.73, 1.06, 1.77, 1.97, 2.46, 2.7, 2.92, 3.03, 2.84, 2.84, 
2.83, 2.36, 2.14, 2, 1.78, 1.81, 1.79, 1.5, 1.37, 1.36, 1.43, 
1.83, 2.08, 2.59, 2.54, 2.11, 2.34, 2.74, 2.19, 1.6, 0, 0, 0, 
0, 0, 0, 0.22, 0.26, 0.26, 0.16, 0.13, 0.21, 0.83, 1.5, 1.35, 
0.99, 0.69, 1.35, 2.32, 2.13, 1.94, 2.17, 2.85, 3.26, 3.73, 3.8, 
3.69, 3.87, 3.68, 3.2, 3.26, 3.29, 3.19, 3.23, 3.23, 3.4, 3.78, 
3.84, 3.98, 4.41, 4.56, 4.79, 4.39, 4.42, 4.23, 4.56, 4.31, 3.94, 
0, 0, 0, 0, 0.33, 0.28, 0.23, 0.15, 0.17, 0.33, 0.39, 1.02, 1.22, 
1.14, 0.82, 0.76, 0.66, 0.8, 0.72, 0.66, 1.08, 0.91, 1.09, 1.06, 
1.09, 1.17, 1.39, 1.55, 1.89, 2.17, 2.46, 2.65, 3.13, 3.81, 4.3, 
4.57, 4.94, 5.58, 5.79, 5.51, 5.49, 4.69, 4.5, 3.21, 2.79, 2.11, 
1.98, 1.17, 0, 0, 0.45, 0.2, 0.26, 0.21, 0.32, 0.3, 0.33, 1.05, 
1.12, 0.85, 0.63, 0.39, 0.26, 0.28, 0.23, 0.32, 0.29, 0.28, 0.4, 
0.66, 1.2, 1.05, 1.62, 2.09, 2.56, 2.78, 2.86, 3.02, 3.75, 4.6, 
5.09, 6.02, 6.55, 6.29, 6.27, 5.94, 5.28, 4.7, 3.87, 4.13, 4.25, 
4.27, 4.69, 5.03, 0, 0, 0.61, 0.28, 0.19, 0.1, 0.07, 0.3, 0.18, 
1.13, 1.42, 1.21, 0.69, 0.51, 0.43, 0.66, 0.57, 0.32, 0.43, 0.45, 
0.53, 0.6, 0.77, 0.65, 0.58, 0.94, 2.02, 2.5, 2.41, 2.62, 3.29, 
4.34, 4.78, 5.24, 6.07, 7.08, 6.81, 6.2, 5.89, 5.04, 4.29, 2.49, 
1.84, 1.33, 1.19, 0.88, 0, 0, 0.18, 0.17, 0.23, 0.28, 0.59, 1.46, 
1.6, 1.11, 0.82, 1.01, 2.72, 2.71, 1.96, 1.92, 1.7, 1.66, 1.52, 
1.28, 1.44, 1.28, 0.89, 1.25, 1.38, 1.09, 0.71, 0.46, 0.39, 0.32, 
0.57, 1.06, 1.38, 2.29, 2.99, 3.74, 4.39, 5.38, 7.25, 7, 4.57, 
2.75, 1.48, 0.68, 0.39, 0.14, 0, 0, 0.32, 0.39, 0.39, 0.43, 0.56, 
1.46, 2.2, 2.06, 1.58, 1.11, 1.11, 1.26, 1.3, 0.98, 0.93, 0.83, 
0.61, 0.97, 0.75, 0.93, 0.53, 0.65, 0.95, 0.99, 1.07, 1.39, 1.47, 
1.79, 2.34, 2.68, 3.36, 3.98, 4.74, 5.48, 5.69, 5.57, 4.99, 4.48, 
3.07, 1.67, 1.13, 0.64, 0.15, 0.22, 0, 0, 0.4, 0.38, 0.28, 0.43, 
0.55, 1.72, 2.91, 2.88, 2.37, 2.1, 3.63, 5.86, 5.63, 5.43, 4.8, 
4.56, 4.29, 3.63, 3.37, 3.16, 3.31, 3.22, 2.33, 2.07, 2.07, 1.52, 
0.74, 0.23, 0.15, 0.22, 0.22, 0.37, 0.6, 0.76, 0.86, 1.82, 2.35, 
2.55, 3.73, 5.47, 4.46, 2.39, 1.1, 0.77, 0.41, 0.86, 0.41, 0.38, 
0.4, 0.29, 0.13, 0.53, 1.58, 1.56, 1.22, 1.19, 1, 0.77, 0.92, 
1.19, 1.27, 1.35, 1.48, 1.56, 1.61, 1.87, 2.1, 2.01, 2.62, 2.96, 
3.07, 3.11, 2.77, 2.67, 2.47, 2.34, 2.25, 1.9, 1.32, 0.76, 0.44, 
0.45, 0.92, 2.05, 3.25, 3.63, 3.59, 3.07, 2.25, 1.2, 0, 0), .Dim = c(46L, 
11L), .Dimnames = list(c("1", "2", "3", "4", "5", "6", "7", "8", 
"9", "10", "11", "12", "13", "14", "15", "16", "17", "18", "19", 
"20", "21", "22", "23", "24", "25", "26", "27", "28", "29", "30", 
"31", "32", "33", "34", "35", "36", "37", "38", "39", "40", "41", 
"42", "43", "44", "45", "46"), c("i", "I", "E", "A", "V", "O", 
"o", "OU", "U", "u", "er")))
story.1996.F1 <-
c(333, 518, 624, 692, 707, 754, 654, 541, 389, 500)
story.1996.F2 <-
c(2332, 2004, 1853, 1873, 1161, 1195, 944, 1045, 987, 1357)
story.1996.lab <-
c("i:", "I", "E", "A", "V", "O", "o:", "U", "u:", "@:")
story.1996.len <-
c(42, 42, 40, 42, 44, 44, 44, 44, 44, 46)
story.1998 <-
structure(c(0.36, 0.5, 0.82, 1, 1.45, 3.9, 3.33, 2.84, 2.75, 
3.84, 4.3, 4.38, 4.16, 3.22, 2.5, 2.25, 2.19, 2.27, 1.78, 1.25, 
0.74, 0.28, 0.18, 0.14, 0.19, 0.28, 0.48, 0.75, 0.51, 0.71, 1, 
0.74, 1.24, 1.51, 1.65, 1.59, 0, 0, 0.21, 0.14, 0.4, 0.51, 0.82, 
0.72, 0.88, 1.01, 0.91, 1.55, 1.7, 1.86, 1.36, 1.14, 1.67, 1.93, 
1.79, 1.57, 1.46, 1.22, 1.28, 1.22, 1.31, 1.23, 1.13, 1.2, 0.98, 
1.47, 1.7, 0.97, 0.86, 1.2, 1.18, 1.34, 0, 0, 0, 0, 0.18, 0.15, 
0.55, 0.92, 0.49, 0.53, 0.5, 0.46, 1.35, 1.16, 1.54, 1.31, 1.03, 
1.38, 1.67, 1.45, 1.26, 1.22, 1.29, 1.27, 1.28, 1.45, 1.83, 1.46, 
1.26, 1.25, 1.77, 1.6, 1.52, 1.8, 2.14, 1.59, 0, 0, 0, 0, 0, 
0, 0.26, 0.19, 0.7, 1.23, 1.14, 1.03, 1.1, 1.27, 1.78, 1.94, 
1.8, 2.16, 2.78, 3.01, 3, 2.98, 2.92, 3.27, 3.8, 3.79, 4.03, 
3.46, 3.06, 2.75, 3.89, 2.91, 3.22, 3.82, 3.9, 3.43, 0, 0, 0, 
0, 0, 0, 0, 0, 0.18, 0.29, 0.51, 0.94, 0.43, 0.37, 0.42, 0.27, 
0.51, 0.6, 1, 0.48, 0.21, 0.28, 0.62, 0.84, 0.92, 1.15, 1.47, 
2, 2.32, 2.71, 2.64, 2.74, 2.26, 2.14, 1.96, 2.02, 1.83, 1.25, 
1.35, 1.9, 1.7, 1.69, 0, 0, 0, 0, 0.2, 0.42, 0.46, 1.17, 1.55, 
0.99, 0.38, 0.18, 0.97, 1.17, 1.24, 1.32, 1.08, 1.18, 1.38, 2.04, 
2.06, 2.36, 2.78, 2.86, 3.5, 3.54, 3.84, 4.31, 5.16, 5.19, 4.39, 
3.2, 2.89, 2.13, 1.95, 1.38, 1.29, 2.81, 0, 0, 0, 0, 0.82, 1.11, 
0.95, 0.7, 0.44, 0.45, 0.38, 0.36, 0.56, 1.01, 0.95, 0.79, 0.68, 
0.33, 0.88, 2.06, 2.41, 2.47, 3.1, 4.01, 4.43, 5.15, 5.61, 6.07, 
6.62, 7.15, 8.05, 8.38, 8.13, 8.1, 8.64, 6.02, 3.32, 2.26, 1.94, 
1.58, 0, 0, 0.17, 0.18, 0.81, 0.65, 0.61, 0.46, 0.44, 0.61, 0.67, 
0.97, 1.19, 0.66, 0.37, 0.46, 1.33, 2, 1.81, 1.77, 2.24, 2.43, 
2.87, 4.24, 4.63, 4.95, 4.92, 4.76, 5.34, 5.43, 4.75, 4.26, 2.97, 
1.99, 1.33, 1.45, 1.6, 1.39, 0, 0, 0.07, 0.1, 0.07, 0.05, 0.18, 
0.43, 0.75, 0.47, 0.29, 0.11, 0.32, 0.58, 1.11, 0.84, 0.17, 0.39, 
0.81, 1.03, 1.02, 1.04, 1.42, 1.93, 2.1, 2.21, 2.53, 2.82, 2.8, 
2.46, 2.32, 2.46, 2.09, 2.57, 1.76, 1.37, 1.09, 1.16, 0, 0, 0.22, 
0.48, 0.81, 0.9, 1.2, 3.13, 2.71, 1.75, 2.01, 2.2, 2.16, 2.56, 
2.61, 2.34, 2.05, 1.21, 0.8, 0.74, 1.36, 1.18, 1.05, 0.78, 0.78, 
1.17, 1.47, 2, 2.5, 2.92, 3.1, 2.98, 3.4, 3.61, 2.97, 2.74, 1.79, 
0.87, 0.44, 0.18), .Dim = c(38L, 10L), .Dimnames = list(NULL, 
    c("i", "I", "E", "A", "V", "O", "o", "OU", "U", "u")))
story.1998.F1 <-
c(489, 649, 799, 837, 759, 961, 817, 675, 533, 691)
story.1998.F2 <-
c(2387, 2079, 2112, 2028, 1360, 1488, 1264, 1122, 1152, 1282)
story.1998.len <-
c(36, 34, 32, 30, 34, 34, 36, 36, 36, 38)
